Image Index,Follow-up,Patient Age,Patient Gender,View Position,OriginalImagePixelSpacingx,y,label
00000002_000.png,0,80,0,0,0.171,0.171,0
00000005_000.png,0,69,1,0,0.168,0.168,0
00000006_000.png,0,81,0,0,0.168,0.168,0
00000007_000.png,0,82,0,0,0.168,0.168,0
00000013_000.png,25,60,0,0,0.19431099999999998,0.19431099999999998,0
00000014_000.png,0,60,1,0,0.171,0.171,0
00000015_000.png,0,70,0,1,0.168,0.168,0
00000016_000.png,0,71,0,0,0.14300000000000002,0.14300000000000002,0
00000018_000.png,0,75,0,0,0.168,0.168,0
00000022_000.png,0,47,0,0,0.171,0.171,0
00000023_000.png,0,63,1,0,0.168,0.168,0
00000029_000.png,0,59,1,0,0.171,0.171,0
00000031_000.png,0,71,1,0,0.14300000000000002,0.14300000000000002,0
00000035_000.png,0,79,0,0,0.14300000000000002,0.14300000000000002,0
00000037_000.png,0,72,0,0,0.14300000000000002,0.14300000000000002,0
00000039_000.png,0,75,0,0,0.168,0.168,0
00000040_000.png,0,66,0,0,0.168,0.168,0
00000042_000.png,0,71,0,1,0.139,0.139,0
00000046_000.png,0,56,0,0,0.171,0.171,0
00000047_000.png,0,73,1,0,0.168,0.168,0
00000048_000.png,0,46,1,0,0.14300000000000002,0.14300000000000002,0
00000050_000.png,2,78,0,1,0.139,0.139,0
00000052_000.png,1,71,0,0,0.14300000000000002,0.14300000000000002,0
00000055_000.png,0,80,1,0,0.171,0.171,0
00000057_000.png,2,71,0,0,0.139,0.139,0
00000059_000.png,0,52,1,0,0.171,0.171,0
00000064_000.png,0,57,0,0,0.14300000000000002,0.14300000000000002,0
00000065_000.png,0,46,0,0,0.168,0.168,0
00000068_000.png,0,65,1,0,0.14300000000000002,0.14300000000000002,0
00000070_000.png,0,49,1,0,0.171,0.171,0
00000073_000.png,0,61,1,0,0.171,0.171,0
00000078_000.png,0,73,1,0,0.14300000000000002,0.14300000000000002,0
00000080_000.png,0,64,1,0,0.14300000000000002,0.14300000000000002,0
00000081_000.png,0,67,0,0,0.14300000000000002,0.14300000000000002,0
00000082_000.png,0,51,0,0,0.14300000000000002,0.14300000000000002,0
00000083_000.png,0,55,1,0,0.171,0.171,0
00000085_000.png,0,62,0,0,0.14300000000000002,0.14300000000000002,0
00000086_000.png,2,75,0,0,0.19431099999999998,0.19431099999999998,0
00000087_000.png,0,71,1,1,0.139,0.139,0
00000090_000.png,0,67,1,0,0.14300000000000002,0.14300000000000002,0
00000091_000.png,0,69,0,0,0.14300000000000002,0.14300000000000002,0
00000092_000.png,0,54,1,0,0.171,0.171,0
00000094_000.png,0,63,0,0,0.14300000000000002,0.14300000000000002,0
00000095_000.png,0,50,1,0,0.171,0.171,0
00000097_000.png,0,83,1,0,0.19431099999999998,0.19431099999999998,0
00000098_000.png,0,62,1,0,0.19431099999999998,0.19431099999999998,0
00000105_000.png,5,64,0,0,0.19431099999999998,0.19431099999999998,0
00000106_000.png,0,59,1,0,0.171,0.171,0
00000107_000.png,0,60,1,0,0.171,0.171,0
00000108_000.png,0,42,1,0,0.171,0.171,0
00000110_000.png,0,47,1,0,0.171,0.171,0
00000113_000.png,0,73,0,0,0.14300000000000002,0.14300000000000002,0
00000115_000.png,0,49,1,0,0.171,0.171,0
00000121_000.png,0,45,0,0,0.171,0.171,0
00000122_000.png,0,52,0,0,0.171,0.171,0
00000126_000.png,0,49,0,0,0.168,0.168,0
00000127_000.png,0,56,1,0,0.168,0.168,0
00000129_000.png,0,66,1,0,0.14300000000000002,0.14300000000000002,0
00000130_000.png,0,51,1,0,0.171,0.171,0
00000132_000.png,0,58,1,0,0.168,0.168,0
00000135_000.png,0,70,0,0,0.168,0.168,0
00000136_000.png,0,58,1,0,0.14300000000000002,0.14300000000000002,0
00000137_000.png,0,52,0,0,0.14300000000000002,0.14300000000000002,0
00000138_000.png,0,61,1,0,0.171,0.171,0
00000139_000.png,0,58,1,0,0.171,0.171,0
00000140_000.png,0,24,1,0,0.168,0.168,0
00000141_000.png,0,31,0,0,0.171,0.171,0
00000142_000.png,0,46,0,0,0.171,0.171,0
00000143_000.png,10,94,0,1,0.139,0.139,0
00000144_000.png,0,82,0,0,0.168,0.168,0
00000146_000.png,0,54,1,0,0.168,0.168,0
00000148_000.png,0,59,0,0,0.168,0.168,0
00000149_000.png,0,68,0,0,0.14300000000000002,0.14300000000000002,0
00000151_000.png,0,54,0,0,0.171,0.171,0
00000152_000.png,0,65,0,0,0.139,0.139,0
00000153_000.png,0,55,0,0,0.139,0.139,0
00000158_000.png,0,58,1,0,0.14300000000000002,0.14300000000000002,0
00000160_000.png,0,69,1,0,0.14300000000000002,0.14300000000000002,0
00000161_000.png,0,66,1,0,0.168,0.168,0
00000162_000.png,0,70,1,0,0.171,0.171,0
00000163_000.png,1,70,0,0,0.14300000000000002,0.14300000000000002,0
00000165_000.png,0,76,0,0,0.14300000000000002,0.14300000000000002,0
00000166_000.png,0,70,0,0,0.139,0.139,0
00000167_000.png,0,69,1,0,0.14300000000000002,0.14300000000000002,0
00000168_000.png,0,63,0,0,0.168,0.168,0
00000169_000.png,0,73,0,0,0.14300000000000002,0.14300000000000002,0
00000170_000.png,0,52,1,0,0.14300000000000002,0.14300000000000002,0
00000171_000.png,0,59,1,0,0.168,0.168,0
00000172_000.png,0,78,1,0,0.171,0.171,0
00000174_000.png,0,69,1,0,0.168,0.168,0
00000175_000.png,0,60,0,0,0.14300000000000002,0.14300000000000002,0
00000176_000.png,0,73,1,0,0.171,0.171,0
00000177_000.png,3,64,0,0,0.14300000000000002,0.14300000000000002,0
00000179_000.png,0,62,0,1,0.168,0.168,0
00000181_000.png,0,45,1,0,0.171,0.171,0
00000182_000.png,0,74,0,0,0.139,0.139,0
00000184_000.png,0,60,0,0,0.171,0.171,0
00000185_000.png,0,60,0,1,0.139,0.139,0
00000186_000.png,0,64,0,0,0.14300000000000002,0.14300000000000002,0
00000188_000.png,1,53,0,0,0.139,0.139,0
00000190_000.png,0,29,0,0,0.168,0.168,0
00000191_000.png,0,83,0,0,0.14300000000000002,0.14300000000000002,0
00000192_000.png,0,87,0,0,0.14300000000000002,0.14300000000000002,0
00000193_000.png,0,53,0,1,0.171,0.171,0
00000194_000.png,0,80,1,0,0.168,0.168,0
00000195_000.png,0,54,0,0,0.14300000000000002,0.14300000000000002,0
00000196_000.png,0,33,0,0,0.14300000000000002,0.14300000000000002,0
00000197_000.png,0,68,0,0,0.139,0.139,0
00000198_000.png,0,70,0,0,0.19431099999999998,0.19431099999999998,0
00000199_000.png,4,55,1,0,0.14300000000000002,0.14300000000000002,0
00000201_000.png,0,69,0,0,0.171,0.171,0
00000202_000.png,0,66,0,1,0.139,0.139,0
00000205_000.png,0,65,1,0,0.14300000000000002,0.14300000000000002,0
00000206_000.png,0,29,0,0,0.171,0.171,0
00000207_000.png,0,83,1,0,0.14300000000000002,0.14300000000000002,0
00000209_000.png,0,46,0,0,0.168,0.168,0
00000210_000.png,0,67,1,1,0.171,0.171,0
00000213_000.png,0,36,0,0,0.168,0.168,0
00000214_000.png,0,78,0,0,0.171,0.171,0
00000217_000.png,0,66,0,0,0.14300000000000002,0.14300000000000002,0
00000220_000.png,0,66,0,0,0.139,0.139,0
00000222_000.png,0,64,1,0,0.168,0.168,0
00000223_000.png,0,53,0,0,0.14300000000000002,0.14300000000000002,0
00000225_000.png,0,63,1,0,0.14300000000000002,0.14300000000000002,0
00000226_000.png,0,56,1,0,0.14300000000000002,0.14300000000000002,0
00000227_000.png,0,43,0,0,0.171,0.171,0
00000228_000.png,0,42,0,0,0.168,0.168,0
00000229_000.png,0,27,0,0,0.14300000000000002,0.14300000000000002,0
00000230_000.png,0,59,0,0,0.14300000000000002,0.14300000000000002,0
00000234_000.png,0,30,0,0,0.171,0.171,0
00000235_000.png,0,75,1,1,0.168,0.168,0
00000237_000.png,0,30,0,0,0.168,0.168,0
00000239_000.png,0,42,1,0,0.171,0.171,0
00000241_000.png,0,52,1,0,0.14300000000000002,0.14300000000000002,0
00000243_000.png,0,67,0,0,0.171,0.171,0
00000244_000.png,2,43,1,1,0.139,0.139,0
00000245_000.png,0,25,0,1,0.171,0.171,0
00000246_000.png,2,50,0,0,0.139,0.139,0
00000249_000.png,0,40,0,0,0.14300000000000002,0.14300000000000002,0
00000250_000.png,0,49,0,0,0.14300000000000002,0.14300000000000002,0
00000251_000.png,0,43,0,1,0.171,0.171,0
00000252_000.png,1,54,0,0,0.139,0.139,0
00000253_000.png,0,37,0,0,0.168,0.168,0
00000255_000.png,0,52,1,0,0.168,0.168,0
00000257_000.png,0,61,0,0,0.14300000000000002,0.14300000000000002,0
00000259_000.png,0,42,1,0,0.168,0.168,0
00000260_000.png,0,53,1,0,0.14300000000000002,0.14300000000000002,0
00000262_000.png,0,42,1,0,0.168,0.168,0
00000263_000.png,0,68,0,0,0.14300000000000002,0.14300000000000002,0
00000264_000.png,0,45,0,0,0.171,0.171,0
00000265_000.png,0,53,0,0,0.171,0.171,0
00000266_000.png,0,34,0,0,0.14300000000000002,0.14300000000000002,0
00000267_000.png,0,49,0,0,0.14300000000000002,0.14300000000000002,0
00000268_000.png,0,49,0,1,0.168,0.168,0
00000271_000.png,0,41,1,0,0.168,0.168,0
00000276_000.png,0,64,0,0,0.168,0.168,0
00000277_000.png,2,64,1,0,0.19431099999999998,0.19431099999999998,0
00000278_000.png,0,52,0,0,0.171,0.171,0
00000279_000.png,0,68,0,0,0.14300000000000002,0.14300000000000002,0
00000280_000.png,0,42,0,0,0.168,0.168,0
00000281_000.png,0,65,1,0,0.171,0.171,0
00000283_000.png,0,65,0,0,0.19431099999999998,0.19431099999999998,0
00000285_000.png,0,49,0,0,0.139,0.139,0
00000289_000.png,6,75,1,0,0.14300000000000002,0.14300000000000002,0
00000290_000.png,0,63,1,0,0.168,0.168,0
00000291_000.png,0,64,0,0,0.14300000000000002,0.14300000000000002,0
00000292_000.png,0,58,1,0,0.171,0.171,0
00000293_000.png,0,82,1,0,0.14300000000000002,0.14300000000000002,0
00000295_000.png,0,55,1,0,0.14300000000000002,0.14300000000000002,0
00000298_000.png,0,72,1,0,0.171,0.171,0
00000299_000.png,0,65,1,0,0.168,0.168,0
00000300_000.png,0,62,1,0,0.14300000000000002,0.14300000000000002,0
00000301_000.png,0,53,1,0,0.14300000000000002,0.14300000000000002,0
00000304_000.png,0,73,1,0,0.171,0.171,0
00000305_000.png,0,78,0,0,0.14300000000000002,0.14300000000000002,0
00000308_000.png,0,63,1,0,0.168,0.168,0
00000309_000.png,0,41,0,1,0.168,0.168,0
00000310_000.png,0,59,0,1,0.171,0.171,0
00000312_000.png,0,86,0,0,0.14300000000000002,0.14300000000000002,0
00000315_000.png,5,73,0,0,0.14300000000000002,0.14300000000000002,0
00000317_000.png,0,22,1,0,0.171,0.171,0
00000318_000.png,7,63,1,0,0.139,0.139,0
00000319_000.png,0,61,0,0,0.14300000000000002,0.14300000000000002,0
00000320_000.png,0,63,0,0,0.171,0.171,0
00000321_000.png,0,71,1,0,0.171,0.171,0
00000323_000.png,0,56,1,0,0.171,0.171,0
00000325_000.png,0,81,0,1,0.171,0.171,0
00000327_000.png,3,61,1,0,0.14300000000000002,0.14300000000000002,0
00000328_000.png,0,39,0,0,0.168,0.168,0
00000329_000.png,0,78,0,0,0.171,0.171,0
00000332_000.png,0,53,1,0,0.168,0.168,0
00000335_000.png,0,38,0,0,0.171,0.171,0
00000339_000.png,0,57,1,0,0.14300000000000002,0.14300000000000002,0
00000340_000.png,0,75,1,0,0.171,0.171,0
00000341_000.png,0,52,0,0,0.171,0.171,0
00000342_000.png,0,56,0,0,0.171,0.171,0
00000345_000.png,0,43,1,0,0.14300000000000002,0.14300000000000002,0
00000346_000.png,0,66,0,0,0.14300000000000002,0.14300000000000002,0
00000347_000.png,0,55,1,0,0.171,0.171,0
00000348_000.png,8,69,1,0,0.14300000000000002,0.14300000000000002,0
00000349_000.png,0,56,0,0,0.171,0.171,0
00000350_000.png,0,57,0,0,0.168,0.168,0
00000352_000.png,0,55,1,0,0.14300000000000002,0.14300000000000002,0
00000354_000.png,0,25,0,1,0.168,0.168,0
00000355_000.png,0,61,1,0,0.168,0.168,0
00000356_000.png,0,30,1,1,0.168,0.168,0
00000357_000.png,0,73,1,0,0.14300000000000002,0.14300000000000002,0
00000358_000.png,0,60,1,0,0.171,0.171,0
00000359_000.png,7,80,1,0,0.139,0.139,0
00000360_000.png,0,44,0,0,0.171,0.171,0
00000362_000.png,0,63,0,0,0.14300000000000002,0.14300000000000002,0
00000364_000.png,0,28,1,1,0.171,0.171,0
00000365_000.png,0,52,1,0,0.14300000000000002,0.14300000000000002,0
00000366_000.png,0,76,1,0,0.14300000000000002,0.14300000000000002,0
00000368_000.png,9,36,0,1,0.139,0.139,0
00000369_000.png,0,67,1,0,0.14300000000000002,0.14300000000000002,0
00000371_000.png,0,56,0,0,0.19431099999999998,0.19431099999999998,0
00000373_000.png,0,22,1,0,0.171,0.171,0
00000375_000.png,0,63,1,0,0.14300000000000002,0.14300000000000002,0
00000378_000.png,0,60,0,0,0.171,0.171,0
00000379_000.png,0,80,1,0,0.14300000000000002,0.14300000000000002,0
00000380_000.png,0,34,1,0,0.139,0.139,0
00000382_000.png,0,68,1,0,0.168,0.168,0
00000384_000.png,0,51,0,0,0.14300000000000002,0.14300000000000002,0
00000386_000.png,0,42,0,0,0.171,0.171,0
00000389_000.png,0,65,0,0,0.14300000000000002,0.14300000000000002,0
00000390_000.png,0,21,1,0,0.171,0.171,0
00000391_000.png,9,85,1,0,0.14300000000000002,0.14300000000000002,0
00000392_000.png,0,62,1,0,0.14300000000000002,0.14300000000000002,0
00000393_000.png,0,33,0,0,0.171,0.171,0
00000394_000.png,0,73,0,0,0.171,0.171,0
00000395_000.png,0,73,0,0,0.168,0.168,0
00000396_000.png,0,57,0,0,0.14300000000000002,0.14300000000000002,0
00000397_000.png,0,54,1,0,0.171,0.171,0
00000398_000.png,0,61,1,0,0.171,0.171,0
00000401_000.png,0,61,1,0,0.171,0.171,0
00000405_000.png,0,44,0,0,0.14300000000000002,0.14300000000000002,0
00000407_000.png,0,69,1,0,0.168,0.168,0
00000408_000.png,0,74,1,0,0.171,0.171,0
00000410_000.png,2,60,1,0,0.14300000000000002,0.14300000000000002,0
00000412_000.png,0,56,0,0,0.171,0.171,0
00000413_000.png,0,42,0,0,0.171,0.171,0
00000414_000.png,0,46,0,0,0.168,0.168,0
00000416_000.png,0,66,1,0,0.168,0.168,0
00000417_000.png,0,37,0,1,0.168,0.168,0
00000419_000.png,0,50,1,0,0.19431099999999998,0.19431099999999998,0
00000420_000.png,0,63,1,0,0.139,0.139,0
00000422_000.png,7,80,1,0,0.139,0.139,0
00000423_000.png,0,30,0,0,0.14300000000000002,0.14300000000000002,0
00000425_000.png,1,50,1,0,0.139,0.139,0
00000426_000.png,0,49,0,0,0.168,0.168,0
00000427_000.png,0,77,1,0,0.14300000000000002,0.14300000000000002,0
00000428_000.png,0,57,0,0,0.171,0.171,0
00000429_000.png,0,70,1,0,0.171,0.171,0
00000430_000.png,0,64,1,0,0.171,0.171,0
00000433_000.png,0,49,1,0,0.168,0.168,0
00000434_000.png,0,50,1,0,0.14300000000000002,0.14300000000000002,0
00000436_000.png,0,80,1,0,0.171,0.171,0
00000437_000.png,0,57,1,0,0.14300000000000002,0.14300000000000002,0
00000438_000.png,0,63,0,0,0.171,0.171,0
00000439_000.png,0,49,1,0,0.168,0.168,0
00000440_000.png,0,61,0,0,0.14300000000000002,0.14300000000000002,0
00000443_000.png,3,46,0,0,0.14300000000000002,0.14300000000000002,0
00000445_000.png,0,63,1,0,0.14300000000000002,0.14300000000000002,0
00000447_000.png,0,57,1,0,0.171,0.171,0
00000449_000.png,3,57,0,0,0.19431099999999998,0.19431099999999998,0
00000452_000.png,0,42,1,0,0.14300000000000002,0.14300000000000002,0
00000453_000.png,0,63,0,0,0.14300000000000002,0.14300000000000002,0
00000454_000.png,0,28,0,0,0.14300000000000002,0.14300000000000002,0
00000455_000.png,0,46,1,0,0.168,0.168,0
00000456_000.png,0,54,0,0,0.14300000000000002,0.14300000000000002,0
00000457_000.png,0,33,0,0,0.14300000000000002,0.14300000000000002,0
00000458_000.png,0,51,1,0,0.168,0.168,0
00000459_000.png,32,55,1,0,0.14300000000000002,0.14300000000000002,0
00000462_000.png,0,49,1,1,0.168,0.168,0
00000463_000.png,0,76,1,0,0.171,0.171,0
00000464_000.png,0,73,1,0,0.171,0.171,0
00000466_000.png,0,70,1,0,0.168,0.168,0
00000469_000.png,2,65,0,0,0.14300000000000002,0.14300000000000002,0
00000470_000.png,0,57,1,0,0.14300000000000002,0.14300000000000002,0
00000472_000.png,0,41,1,0,0.171,0.171,0
00000473_000.png,0,57,1,0,0.14300000000000002,0.14300000000000002,0
00000474_000.png,0,83,0,0,0.168,0.168,0
00000475_000.png,0,44,0,0,0.168,0.168,0
00000476_000.png,0,60,0,0,0.14300000000000002,0.14300000000000002,0
00000477_000.png,0,40,1,0,0.168,0.168,0
00000479_000.png,0,64,1,0,0.14300000000000002,0.14300000000000002,0
00000480_000.png,0,32,0,0,0.171,0.171,0
00000481_000.png,0,55,0,0,0.168,0.168,0
00000483_000.png,0,50,0,0,0.139,0.139,0
00000484_000.png,0,68,0,0,0.14300000000000002,0.14300000000000002,0
00000486_000.png,0,57,0,0,0.171,0.171,0
00000495_000.png,0,68,0,0,0.168,0.168,0
00000496_000.png,0,56,1,1,0.168,0.168,0
00000497_000.png,0,21,0,0,0.171,0.171,0
00000498_000.png,2,67,0,0,0.14300000000000002,0.14300000000000002,0
00000499_000.png,0,27,1,1,0.171,0.171,0
00000500_000.png,7,78,1,0,0.14300000000000002,0.14300000000000002,0
00000502_000.png,0,41,0,0,0.171,0.171,0
00000503_000.png,0,22,1,0,0.168,0.168,0
00000504_000.png,0,66,0,0,0.14300000000000002,0.14300000000000002,0
00000505_000.png,0,72,1,0,0.171,0.171,0
00000506_000.png,0,21,0,1,0.171,0.171,0
00000507_000.png,0,26,0,0,0.14300000000000002,0.14300000000000002,0
00000509_000.png,0,70,1,0,0.168,0.168,0
00000510_000.png,0,31,1,0,0.168,0.168,0
00000511_000.png,0,56,0,0,0.14300000000000002,0.14300000000000002,0
00000514_000.png,0,51,1,0,0.168,0.168,0
00000516_000.png,0,65,1,0,0.168,0.168,0
00000518_000.png,0,40,0,0,0.171,0.171,0
00000519_000.png,0,34,1,0,0.19431099999999998,0.19431099999999998,0
00000520_000.png,0,63,0,0,0.14300000000000002,0.14300000000000002,0
00000521_000.png,0,32,0,0,0.171,0.171,0
00000523_000.png,0,57,1,0,0.139,0.139,0
00000524_000.png,0,47,0,0,0.171,0.171,0
00000525_000.png,0,37,0,0,0.14300000000000002,0.14300000000000002,0
00000526_000.png,0,53,0,0,0.14300000000000002,0.14300000000000002,0
00000527_000.png,0,55,0,0,0.168,0.168,0
00000530_000.png,0,44,1,0,0.14300000000000002,0.14300000000000002,0
00000532_000.png,0,61,1,0,0.14300000000000002,0.14300000000000002,0
00000533_000.png,3,65,1,0,0.14300000000000002,0.14300000000000002,0
00000534_000.png,0,63,1,1,0.171,0.171,0
00000535_000.png,0,33,1,1,0.171,0.171,0
00000538_000.png,0,72,1,0,0.14300000000000002,0.14300000000000002,0
00000539_000.png,0,47,1,0,0.14300000000000002,0.14300000000000002,0
00000540_000.png,0,71,1,0,0.14300000000000002,0.14300000000000002,0
00000541_000.png,3,53,1,0,0.14300000000000002,0.14300000000000002,0
00000542_000.png,0,50,1,0,0.14300000000000002,0.14300000000000002,0
00000543_000.png,0,20,0,0,0.171,0.171,0
00000544_000.png,0,67,1,0,0.14300000000000002,0.14300000000000002,0
00000546_000.png,0,38,1,1,0.171,0.171,0
00000547_000.png,9,58,1,0,0.14300000000000002,0.14300000000000002,0
00000548_000.png,0,24,0,0,0.14300000000000002,0.14300000000000002,0
00000549_000.png,3,67,1,0,0.14300000000000002,0.14300000000000002,0
00000550_000.png,0,56,0,0,0.168,0.168,0
00000551_000.png,0,69,1,0,0.14300000000000002,0.14300000000000002,0
00000552_000.png,0,72,1,0,0.168,0.168,0
00000553_000.png,0,41,0,0,0.14300000000000002,0.14300000000000002,0
00000554_000.png,0,55,1,0,0.14300000000000002,0.14300000000000002,0
00000555_000.png,0,44,0,0,0.171,0.171,0
00000557_000.png,0,58,1,0,0.171,0.171,0
00000558_000.png,0,49,1,0,0.14300000000000002,0.14300000000000002,0
00000559_000.png,0,61,0,0,0.14300000000000002,0.14300000000000002,0
00000560_000.png,0,53,1,0,0.168,0.168,0
00000561_000.png,2,64,0,0,0.139,0.139,0
00000562_000.png,0,46,0,0,0.14300000000000002,0.14300000000000002,0
00000563_000.png,0,65,0,0,0.14300000000000002,0.14300000000000002,0
00000564_000.png,0,16,0,0,0.171,0.171,0
00000565_000.png,0,18,1,0,0.171,0.171,0
00000566_000.png,0,36,1,0,0.171,0.171,0
00000567_000.png,0,53,0,0,0.139,0.139,0
00000568_000.png,0,35,0,1,0.168,0.168,0
00000570_000.png,0,53,0,0,0.171,0.171,0
00000572_000.png,0,58,0,0,0.168,0.168,0
00000575_000.png,0,42,1,0,0.168,0.168,0
00000576_000.png,0,42,0,0,0.171,0.171,0
00000577_000.png,0,68,0,0,0.171,0.171,0
00000579_000.png,0,50,1,1,0.171,0.171,0
00000581_000.png,0,49,1,0,0.168,0.168,0
00000582_000.png,0,52,0,0,0.14300000000000002,0.14300000000000002,0
00000584_000.png,0,55,0,0,0.14300000000000002,0.14300000000000002,0
00000587_000.png,0,76,0,0,0.14300000000000002,0.14300000000000002,0
00000588_000.png,0,19,0,0,0.171,0.171,0
00000589_000.png,0,64,0,0,0.171,0.171,0
00000590_000.png,0,24,0,0,0.168,0.168,0
00000591_000.png,0,62,0,1,0.168,0.168,0
00000593_000.png,0,77,0,0,0.171,0.171,0
00000594_000.png,0,67,0,0,0.14300000000000002,0.14300000000000002,0
00000597_000.png,0,61,1,0,0.14300000000000002,0.14300000000000002,0
00000598_000.png,0,78,1,0,0.168,0.168,0
00000599_000.png,0,60,1,0,0.139,0.139,0
00000600_000.png,0,24,0,0,0.168,0.168,0
00000602_000.png,0,54,0,0,0.14300000000000002,0.14300000000000002,0
00000603_000.png,0,54,1,0,0.171,0.171,0
00000604_000.png,0,54,1,0,0.14300000000000002,0.14300000000000002,0
00000605_000.png,0,60,1,1,0.168,0.168,0
00000606_000.png,0,24,1,0,0.168,0.168,0
00000609_000.png,0,19,1,0,0.171,0.171,0
00000610_000.png,0,49,1,0,0.168,0.168,0
00000611_000.png,0,45,0,0,0.168,0.168,0
00000612_000.png,0,49,0,0,0.171,0.171,0
00000614_000.png,0,49,0,0,0.14300000000000002,0.14300000000000002,0
00000615_000.png,0,77,1,0,0.168,0.168,0
00000616_000.png,0,34,0,0,0.14300000000000002,0.14300000000000002,0
00000617_000.png,0,63,1,0,0.168,0.168,0
00000618_000.png,11,54,1,0,0.14300000000000002,0.14300000000000002,0
00000619_000.png,0,46,0,0,0.14300000000000002,0.14300000000000002,0
00000621_000.png,10,73,1,0,0.14300000000000002,0.14300000000000002,0
00000623_000.png,7,59,1,0,0.14300000000000002,0.14300000000000002,0
00000626_000.png,0,46,0,0,0.171,0.171,0
00000627_000.png,0,57,0,1,0.171,0.171,0
00000628_000.png,1,31,1,0,0.14300000000000002,0.14300000000000002,0
00000629_000.png,0,23,1,1,0.168,0.168,0
00000630_000.png,0,52,1,0,0.14300000000000002,0.14300000000000002,0
00000631_000.png,0,24,0,0,0.168,0.168,0
00000632_000.png,0,42,0,0,0.171,0.171,0
00000633_000.png,0,57,1,0,0.14300000000000002,0.14300000000000002,0
00000636_000.png,0,68,0,0,0.171,0.171,0
00000637_000.png,0,55,1,0,0.14300000000000002,0.14300000000000002,0
00000638_000.png,0,56,1,0,0.14300000000000002,0.14300000000000002,0
00000643_000.png,0,40,1,0,0.14300000000000002,0.14300000000000002,0
00000644_000.png,0,56,1,0,0.171,0.171,0
00000645_000.png,1,69,0,0,0.19431099999999998,0.19431099999999998,0
00000647_000.png,0,71,1,0,0.19431099999999998,0.19431099999999998,0
00000648_000.png,0,42,1,0,0.14300000000000002,0.14300000000000002,0
00000650_000.png,0,88,1,0,0.139,0.139,0
00000651_000.png,0,39,1,0,0.139,0.139,0
00000652_000.png,0,45,1,0,0.168,0.168,0
00000653_000.png,0,77,0,0,0.14300000000000002,0.14300000000000002,0
00000654_000.png,0,68,0,0,0.14300000000000002,0.14300000000000002,0
00000657_000.png,0,59,1,0,0.14300000000000002,0.14300000000000002,0
00000659_000.png,0,39,0,0,0.171,0.171,0
00000660_000.png,0,60,1,0,0.171,0.171,0
00000662_000.png,8,58,1,0,0.14300000000000002,0.14300000000000002,0
00000663_000.png,0,25,0,0,0.171,0.171,0
00000664_000.png,0,27,1,0,0.14300000000000002,0.14300000000000002,0
00000665_000.png,0,58,0,0,0.171,0.171,0
00000667_000.png,0,50,0,0,0.14300000000000002,0.14300000000000002,0
00000668_000.png,0,73,0,0,0.14300000000000002,0.14300000000000002,0
00000669_000.png,0,47,0,0,0.168,0.168,0
00000670_000.png,0,53,1,0,0.19431099999999998,0.19431099999999998,0
00000671_000.png,0,27,1,0,0.14300000000000002,0.14300000000000002,0
00000673_000.png,0,47,1,0,0.14300000000000002,0.14300000000000002,0
00000674_000.png,0,74,1,0,0.14300000000000002,0.14300000000000002,0
00000675_000.png,0,58,0,0,0.14300000000000002,0.14300000000000002,0
00000679_000.png,0,31,0,0,0.14300000000000002,0.14300000000000002,0
00000681_000.png,0,56,1,0,0.14300000000000002,0.14300000000000002,0
00000682_000.png,0,62,1,0,0.171,0.171,0
00000683_000.png,5,65,1,0,0.14300000000000002,0.14300000000000002,0
00000684_000.png,0,57,0,0,0.171,0.171,0
00000685_000.png,0,59,0,0,0.171,0.171,0
00000687_000.png,0,66,0,0,0.14300000000000002,0.14300000000000002,0
00000689_000.png,0,60,0,0,0.14300000000000002,0.14300000000000002,0
00000690_000.png,0,41,1,0,0.171,0.171,0
00000691_000.png,0,57,0,0,0.14300000000000002,0.14300000000000002,0
00000692_000.png,0,45,1,0,0.19431099999999998,0.19431099999999998,0
00000693_000.png,6,65,0,1,0.139,0.139,0
00000694_000.png,0,47,0,0,0.168,0.168,0
00000696_000.png,0,18,1,0,0.168,0.168,0
00000697_000.png,7,63,0,0,0.14300000000000002,0.14300000000000002,0
00000698_000.png,0,42,1,0,0.168,0.168,0
00000699_000.png,0,56,0,0,0.14300000000000002,0.14300000000000002,0
00000700_000.png,1,64,1,0,0.139,0.139,0
00000701_000.png,0,56,0,0,0.14300000000000002,0.14300000000000002,0
00000702_000.png,0,16,1,0,0.171,0.171,0
00000703_000.png,0,19,1,1,0.168,0.168,0
00000704_000.png,0,40,0,0,0.14300000000000002,0.14300000000000002,0
00000705_000.png,0,58,1,0,0.14300000000000002,0.14300000000000002,0
00000706_000.png,0,37,0,0,0.168,0.168,0
00000708_000.png,0,40,0,1,0.168,0.168,0
00000709_000.png,6,69,1,0,0.139,0.139,0
00000712_000.png,0,56,0,0,0.14300000000000002,0.14300000000000002,0
00000714_000.png,0,69,1,0,0.171,0.171,0
00000715_000.png,0,63,0,0,0.171,0.171,0
00000717_000.png,0,52,0,0,0.168,0.168,0
00000718_000.png,0,32,1,0,0.14300000000000002,0.14300000000000002,0
00000720_000.png,0,46,0,0,0.139,0.139,0
00000722_000.png,0,29,0,0,0.14300000000000002,0.14300000000000002,0
00000723_000.png,4,53,0,0,0.19431400000000001,0.19431400000000001,0
00000725_000.png,0,58,0,0,0.168,0.168,0
00000726_000.png,0,52,0,0,0.14300000000000002,0.14300000000000002,0
00000729_000.png,0,52,0,0,0.168,0.168,0
00000730_000.png,0,22,1,0,0.171,0.171,0
00000731_000.png,6,53,0,0,0.14300000000000002,0.14300000000000002,0
00000736_000.png,0,43,1,0,0.14300000000000002,0.14300000000000002,0
00000737_000.png,0,50,0,0,0.14300000000000002,0.14300000000000002,0
00000738_000.png,0,25,1,0,0.171,0.171,0
00000739_000.png,0,59,0,0,0.14300000000000002,0.14300000000000002,0
00000743_000.png,3,76,1,0,0.19431099999999998,0.19431099999999998,0
00000744_000.png,0,68,0,0,0.168,0.168,0
00000746_000.png,0,22,1,0,0.14300000000000002,0.14300000000000002,0
00000747_000.png,1,58,0,0,0.139,0.139,0
00000748_000.png,0,23,1,0,0.168,0.168,0
00000749_000.png,0,67,1,0,0.168,0.168,0
00000750_000.png,0,23,0,0,0.14300000000000002,0.14300000000000002,0
00000751_000.png,0,57,1,0,0.14300000000000002,0.14300000000000002,0
00000752_000.png,1,28,1,0,0.14300000000000002,0.14300000000000002,0
00000753_000.png,0,21,0,0,0.171,0.171,0
00000754_000.png,0,43,0,0,0.14300000000000002,0.14300000000000002,0
00000755_000.png,0,52,1,0,0.168,0.168,0
00000756_000.png,4,50,0,0,0.19431099999999998,0.19431099999999998,0
00000757_000.png,0,63,0,0,0.168,0.168,0
00000758_000.png,0,42,1,0,0.171,0.171,0
00000759_000.png,0,63,0,0,0.19431099999999998,0.19431099999999998,0
00000760_000.png,0,53,1,0,0.14300000000000002,0.14300000000000002,0
00000762_000.png,0,18,1,0,0.168,0.168,0
00000763_000.png,0,16,0,0,0.168,0.168,0
00000764_000.png,0,40,0,0,0.171,0.171,0
00000767_000.png,0,32,1,0,0.171,0.171,0
00000768_000.png,0,54,0,0,0.14300000000000002,0.14300000000000002,0
00000769_000.png,0,48,0,0,0.14300000000000002,0.14300000000000002,0
00000770_000.png,0,43,1,0,0.171,0.171,0
00000771_000.png,0,73,0,0,0.171,0.171,0
00000773_000.png,0,66,0,0,0.171,0.171,0
00000774_000.png,0,45,1,1,0.171,0.171,0
00000776_000.png,0,44,0,0,0.139,0.139,0
00000777_000.png,0,19,0,0,0.168,0.168,0
00000781_000.png,7,68,1,0,0.139,0.139,0
00000783_000.png,0,53,0,1,0.139,0.139,0
00000784_000.png,0,39,0,0,0.168,0.168,0
00000786_000.png,0,62,0,0,0.14300000000000002,0.14300000000000002,0
00000787_000.png,0,45,1,1,0.168,0.168,0
00000788_000.png,1,28,1,0,0.14300000000000002,0.14300000000000002,0
00000789_000.png,0,46,1,0,0.171,0.171,0
00000791_000.png,0,60,0,0,0.168,0.168,0
00000792_000.png,0,56,0,0,0.168,0.168,0
00000793_000.png,0,29,1,0,0.168,0.168,0
00000794_000.png,0,38,1,0,0.171,0.171,0
00000795_000.png,0,24,1,0,0.168,0.168,0
00000796_000.png,7,71,1,0,0.14300000000000002,0.14300000000000002,0
00000797_000.png,0,46,1,1,0.139,0.139,0
00000798_000.png,0,60,1,0,0.168,0.168,0
00000802_000.png,0,32,0,0,0.168,0.168,0
00000803_000.png,0,40,1,0,0.14300000000000002,0.14300000000000002,0
00000804_000.png,0,43,0,0,0.171,0.171,0
00000805_000.png,2,48,1,0,0.14300000000000002,0.14300000000000002,0
00000806_000.png,0,41,0,1,0.171,0.171,0
00000809_000.png,4,49,0,0,0.14300000000000002,0.14300000000000002,0
00000810_000.png,0,38,0,0,0.168,0.168,0
00000811_000.png,0,52,0,0,0.171,0.171,0
00000812_000.png,0,56,1,0,0.14300000000000002,0.14300000000000002,0
00000813_000.png,1,27,1,0,0.19431099999999998,0.19431099999999998,0
00000814_000.png,0,66,1,0,0.14300000000000002,0.14300000000000002,0
00000815_000.png,0,18,1,0,0.14300000000000002,0.14300000000000002,0
00000817_000.png,0,21,0,0,0.168,0.168,0
00000818_000.png,0,34,1,0,0.171,0.171,0
00000819_000.png,0,34,1,0,0.14300000000000002,0.14300000000000002,0
00000821_000.png,0,52,0,0,0.14300000000000002,0.14300000000000002,0
00000822_000.png,0,37,1,0,0.171,0.171,0
00000824_000.png,0,35,0,0,0.168,0.168,0
00000826_000.png,0,67,1,0,0.14300000000000002,0.14300000000000002,0
00000829_000.png,0,40,1,0,0.14300000000000002,0.14300000000000002,0
00000831_000.png,0,17,0,1,0.171,0.171,0
00000833_000.png,0,40,0,0,0.14300000000000002,0.14300000000000002,0
00000834_000.png,0,67,0,0,0.14300000000000002,0.14300000000000002,0
00000835_000.png,0,67,1,0,0.14300000000000002,0.14300000000000002,0
00000836_000.png,0,46,1,0,0.14300000000000002,0.14300000000000002,0
00000838_000.png,0,75,1,0,0.168,0.168,0
00000839_000.png,0,79,0,0,0.14300000000000002,0.14300000000000002,0
00000840_000.png,0,71,0,0,0.168,0.168,0
00000841_000.png,0,34,0,0,0.168,0.168,0
00000842_000.png,0,38,0,0,0.168,0.168,0
00000843_000.png,0,31,0,0,0.171,0.171,0
00000844_000.png,0,56,1,1,0.168,0.168,0
00000846_000.png,0,46,1,0,0.171,0.171,0
00000847_000.png,0,39,0,0,0.14300000000000002,0.14300000000000002,0
00000850_000.png,0,55,0,0,0.19431099999999998,0.19431099999999998,0
00000851_000.png,0,61,0,0,0.171,0.171,0
00000853_000.png,0,13,1,0,0.171,0.171,0
00000854_000.png,0,56,0,0,0.168,0.168,0
00000855_000.png,0,36,0,0,0.168,0.168,0
00000857_000.png,0,36,0,0,0.14300000000000002,0.14300000000000002,0
00000858_000.png,0,34,1,0,0.171,0.171,0
00000859_000.png,0,45,1,1,0.168,0.168,0
00000860_000.png,0,52,0,0,0.171,0.171,0
00000861_000.png,2,62,1,0,0.14300000000000002,0.14300000000000002,0
00000862_000.png,0,43,0,0,0.14300000000000002,0.14300000000000002,0
00000863_000.png,0,85,1,0,0.168,0.168,0
00000866_000.png,0,52,0,0,0.171,0.171,0
00000867_000.png,0,55,0,0,0.14300000000000002,0.14300000000000002,0
00000868_000.png,0,28,1,0,0.171,0.171,0
00000869_000.png,4,75,1,0,0.139,0.139,0
00000870_000.png,5,75,0,0,0.14300000000000002,0.14300000000000002,0
00000871_000.png,0,17,0,0,0.168,0.168,0
00000872_000.png,0,32,1,0,0.171,0.171,0
00000876_000.png,0,25,1,0,0.139,0.139,0
00000878_000.png,0,61,0,0,0.14300000000000002,0.14300000000000002,0
00000879_000.png,0,60,1,0,0.14300000000000002,0.14300000000000002,0
00000880_000.png,0,47,1,0,0.14300000000000002,0.14300000000000002,0
00000881_000.png,0,62,1,0,0.14300000000000002,0.14300000000000002,0
00000884_000.png,0,35,1,0,0.14300000000000002,0.14300000000000002,0
00000885_000.png,0,19,0,0,0.168,0.168,0
00000887_000.png,0,64,0,0,0.14300000000000002,0.14300000000000002,0
00000888_000.png,0,38,1,1,0.171,0.171,0
00000890_000.png,0,30,0,1,0.139,0.139,0
00000891_000.png,0,63,0,1,0.171,0.171,0
00000894_000.png,3,60,0,0,0.14300000000000002,0.14300000000000002,0
00000898_000.png,1,44,1,0,0.14300000000000002,0.14300000000000002,0
00000899_000.png,0,62,0,0,0.14300000000000002,0.14300000000000002,0
00000900_000.png,0,59,0,0,0.171,0.171,0
00000901_000.png,5,79,1,0,0.14300000000000002,0.14300000000000002,0
00000903_000.png,0,55,0,0,0.14300000000000002,0.14300000000000002,0
00000904_000.png,0,35,0,0,0.171,0.171,0
00000905_000.png,0,54,0,0,0.168,0.168,0
00000906_000.png,0,21,0,0,0.171,0.171,0
00000909_000.png,0,31,1,0,0.14300000000000002,0.14300000000000002,0
00000910_000.png,0,56,1,0,0.14300000000000002,0.14300000000000002,0
00000911_000.png,0,14,0,0,0.171,0.171,0
00000912_000.png,0,31,0,0,0.171,0.171,0
00000913_000.png,0,69,0,0,0.19431099999999998,0.19431099999999998,0
00000914_000.png,0,64,0,0,0.171,0.171,0
00000916_000.png,0,13,1,0,0.171,0.171,0
00000917_000.png,0,15,0,0,0.171,0.171,0
00000918_000.png,0,47,0,0,0.171,0.171,0
00000919_000.png,0,18,0,0,0.168,0.168,0
00000921_000.png,0,52,0,0,0.19431099999999998,0.19431099999999998,0
00000922_000.png,0,19,0,0,0.168,0.168,0
00000923_000.png,0,63,0,0,0.171,0.171,0
00000925_000.png,0,48,1,0,0.171,0.171,0
00000926_000.png,0,22,1,0,0.171,0.171,0
00000927_000.png,0,53,0,0,0.168,0.168,0
00000929_000.png,0,11,0,1,0.171,0.171,0
00000931_000.png,0,60,1,0,0.14300000000000002,0.14300000000000002,0
00000933_000.png,0,51,0,0,0.171,0.171,0
00000935_000.png,0,16,0,1,0.168,0.168,0
00000936_000.png,0,60,0,0,0.14300000000000002,0.14300000000000002,0
00000937_000.png,3,28,1,0,0.19431099999999998,0.19431099999999998,0
00000938_000.png,0,51,1,0,0.168,0.168,0
00000939_000.png,0,44,1,0,0.171,0.171,0
00000940_000.png,0,47,0,0,0.171,0.171,0
00000941_000.png,0,44,0,0,0.168,0.168,0
00000943_000.png,0,49,0,1,0.171,0.171,0
00000944_000.png,0,66,1,0,0.14300000000000002,0.14300000000000002,0
00000946_000.png,0,45,0,0,0.168,0.168,0
00000947_000.png,0,14,0,0,0.171,0.171,0
00000949_000.png,0,59,0,1,0.168,0.168,0
00000950_000.png,0,40,1,1,0.168,0.168,0
00000951_000.png,0,42,0,0,0.168,0.168,0
00000952_000.png,0,50,1,0,0.171,0.171,0
00000953_000.png,0,66,0,0,0.19431099999999998,0.19431099999999998,0
00000954_000.png,4,61,1,0,0.14300000000000002,0.14300000000000002,0
00000955_000.png,0,31,1,0,0.171,0.171,0
00000957_000.png,0,63,0,0,0.168,0.168,0
00000958_000.png,0,66,1,0,0.168,0.168,0
00000960_000.png,0,16,1,0,0.171,0.171,0
00000962_000.png,0,33,1,0,0.168,0.168,0
00000963_000.png,23,46,0,1,0.139,0.139,0
00000964_000.png,0,56,0,0,0.14300000000000002,0.14300000000000002,0
00000965_000.png,0,31,1,0,0.14300000000000002,0.14300000000000002,0
00000966_000.png,0,47,0,1,0.168,0.168,0
00000967_000.png,0,21,1,0,0.171,0.171,0
00000969_000.png,0,79,1,0,0.14300000000000002,0.14300000000000002,0
00000970_000.png,0,57,0,0,0.168,0.168,0
00000972_000.png,0,56,0,0,0.168,0.168,0
00000973_000.png,0,50,0,0,0.171,0.171,0
00000974_000.png,0,54,1,0,0.171,0.171,0
00000975_000.png,0,17,1,0,0.171,0.171,0
00000976_000.png,0,16,0,0,0.171,0.171,0
00000977_000.png,0,45,1,0,0.171,0.171,0
00000980_000.png,0,38,0,0,0.171,0.171,0
00000982_000.png,0,62,1,1,0.168,0.168,0
00000984_000.png,0,57,1,0,0.171,0.171,0
00000985_000.png,0,63,0,0,0.168,0.168,0
00000986_000.png,0,29,1,0,0.171,0.171,0
00000987_000.png,0,60,0,0,0.171,0.171,0
00000990_000.png,0,71,0,1,0.168,0.168,0
00000991_000.png,0,52,0,0,0.14300000000000002,0.14300000000000002,0
00000994_000.png,0,17,0,0,0.168,0.168,0
00000995_000.png,0,52,0,0,0.14300000000000002,0.14300000000000002,0
00000996_000.png,3,39,0,0,0.14300000000000002,0.14300000000000002,0
00000997_000.png,0,31,0,0,0.171,0.171,0
00001001_000.png,0,40,0,0,0.139,0.139,0
00001002_000.png,0,55,0,0,0.14300000000000002,0.14300000000000002,0
00001003_000.png,0,47,0,0,0.171,0.171,0
00001004_000.png,0,66,0,0,0.14300000000000002,0.14300000000000002,0
00001007_000.png,2,52,1,0,0.14300000000000002,0.14300000000000002,0
00001008_000.png,0,27,0,0,0.171,0.171,0
00001009_000.png,0,20,1,0,0.14300000000000002,0.14300000000000002,0
00001010_000.png,0,50,1,0,0.14300000000000002,0.14300000000000002,0
00001011_000.png,1,58,0,0,0.14300000000000002,0.14300000000000002,0
00001013_000.png,0,22,1,0,0.168,0.168,0
00001015_000.png,0,39,1,0,0.168,0.168,0
00001016_000.png,0,45,1,0,0.139,0.139,0
00001018_000.png,0,57,0,0,0.14300000000000002,0.14300000000000002,0
00001019_000.png,6,71,1,0,0.14300000000000002,0.14300000000000002,0
00001020_000.png,0,51,0,0,0.171,0.171,0
00001022_000.png,0,49,0,0,0.171,0.171,0
00001023_000.png,3,57,1,0,0.139,0.139,0
00001024_000.png,0,23,0,0,0.168,0.168,0
00001025_000.png,0,45,0,0,0.19430799999999998,0.19430799999999998,0
00001027_000.png,0,73,0,0,0.168,0.168,0
00001029_000.png,17,24,0,1,0.139,0.139,0
00001032_000.png,0,43,0,0,0.171,0.171,0
00001033_000.png,0,63,0,0,0.171,0.171,0
00001035_000.png,1,58,0,0,0.14300000000000002,0.14300000000000002,0
00001036_000.png,0,35,1,0,0.19431099999999998,0.19431099999999998,0
00001037_000.png,0,17,0,0,0.168,0.168,0
00001038_000.png,0,19,1,0,0.168,0.168,0
00001039_000.png,0,38,1,0,0.14300000000000002,0.14300000000000002,0
00001041_000.png,0,65,1,0,0.168,0.168,0
00001042_000.png,0,58,0,0,0.171,0.171,0
00001043_000.png,0,40,0,0,0.168,0.168,0
00001044_000.png,0,35,0,1,0.168,0.168,0
00001045_000.png,3,52,0,0,0.14300000000000002,0.14300000000000002,0
00001047_000.png,0,75,1,0,0.171,0.171,0
00001049_000.png,0,27,0,0,0.19430799999999998,0.19430799999999998,0
00001050_000.png,0,49,1,0,0.171,0.171,0
00001051_000.png,0,70,0,0,0.14300000000000002,0.14300000000000002,0
00001052_000.png,4,49,0,0,0.14300000000000002,0.14300000000000002,0
00001054_000.png,0,12,0,0,0.171,0.171,0
00001057_000.png,0,14,0,1,0.115,0.115,0
00001059_000.png,6,67,1,0,0.14300000000000002,0.14300000000000002,0
00001060_000.png,0,56,0,0,0.168,0.168,0
00001061_000.png,0,31,1,0,0.171,0.171,0
00001062_000.png,0,37,0,0,0.171,0.171,0
00001065_000.png,0,52,1,0,0.14300000000000002,0.14300000000000002,0
00001067_000.png,0,56,1,0,0.168,0.168,0
00001068_000.png,3,49,1,0,0.14300000000000002,0.14300000000000002,0
00001069_000.png,0,35,0,0,0.171,0.171,0
00001070_000.png,0,83,0,0,0.168,0.168,0
00000296_000.png,1,62,0,0,0.19431099999999998,0.19431099999999998,1
00000493_000.png,0,35,1,1,0.168,0.168,1
00000865_000.png,9,50,0,1,0.139,0.139,1
00000893_000.png,0,43,1,0,0.139,0.139,1
00001006_000.png,21,26,0,0,0.14300000000000002,0.14300000000000002,1
00001021_000.png,1,25,1,0,0.14300000000000002,0.14300000000000002,1
00001162_000.png,0,81,0,1,0.168,0.168,1
00001194_000.png,0,38,0,1,0.168,0.168,1
00001469_000.png,0,61,0,0,0.14300000000000002,0.14300000000000002,1
00001484_000.png,0,62,1,1,0.139,0.139,1
00001805_000.png,0,37,0,0,0.171,0.171,1
00001896_000.png,2,66,1,0,0.14300000000000002,0.14300000000000002,1
00001968_000.png,4,43,1,0,0.14300000000000002,0.14300000000000002,1
00001972_000.png,0,65,1,0,0.14300000000000002,0.14300000000000002,1
00002109_000.png,0,21,0,1,0.168,0.168,1
00002143_000.png,0,26,1,0,0.171,0.171,1
00002174_000.png,0,43,1,1,0.168,0.168,1
00002356_000.png,10,71,1,0,0.14300000000000002,0.14300000000000002,1
00002454_000.png,0,52,1,0,0.14300000000000002,0.14300000000000002,1
00002456_000.png,0,62,0,0,0.171,0.171,1
00002460_000.png,2,51,1,0,0.14300000000000002,0.14300000000000002,1
00002579_000.png,0,45,1,0,0.168,0.168,1
00002666_000.png,0,37,0,1,0.171,0.171,1
00002786_000.png,0,48,1,0,0.171,0.171,1
00002796_000.png,7,64,1,0,0.14300000000000002,0.14300000000000002,1
00002929_000.png,0,44,1,0,0.139,0.139,1
00003066_000.png,0,61,1,0,0.14300000000000002,0.14300000000000002,1
00003092_000.png,0,53,0,0,0.14300000000000002,0.14300000000000002,1
00003207_000.png,0,29,0,0,0.14300000000000002,0.14300000000000002,1
00003211_000.png,5,39,1,0,0.14300000000000002,0.14300000000000002,1
00003215_000.png,0,55,0,0,0.171,0.171,1
00003348_000.png,0,46,1,1,0.171,0.171,1
00003403_000.png,0,43,1,0,0.14300000000000002,0.14300000000000002,1
00003527_000.png,12,58,1,0,0.14300000000000002,0.14300000000000002,1
00003574_000.png,10,58,1,0,0.14300000000000002,0.14300000000000002,1
00003760_000.png,0,76,1,1,0.171,0.171,1
00003827_000.png,0,55,1,0,0.171,0.171,1
00003856_000.png,0,62,1,1,0.139,0.139,1
00004085_000.png,7,52,1,0,0.14300000000000002,0.14300000000000002,1
00004103_000.png,0,53,0,0,0.171,0.171,1
00004169_000.png,0,9,1,1,0.171,0.171,1
00004602_000.png,0,67,0,0,0.171,0.171,1
00004680_000.png,0,30,0,1,0.171,0.171,1
00004727_000.png,0,41,1,0,0.168,0.168,1
00004800_000.png,0,44,1,1,0.171,0.171,1
00004922_000.png,0,57,0,1,0.171,0.171,1
00005032_000.png,0,52,0,0,0.171,0.171,1
00005067_000.png,11,58,1,0,0.14300000000000002,0.14300000000000002,1
00005224_000.png,0,51,1,1,0.171,0.171,1
00005539_000.png,6,55,1,0,0.14300000000000002,0.14300000000000002,1
00005593_000.png,0,41,1,1,0.171,0.171,1
00005638_000.png,3,64,0,0,0.19431099999999998,0.19431099999999998,1
00005855_000.png,0,19,0,0,0.171,0.171,1
00005911_000.png,0,57,1,1,0.171,0.171,1
00005957_000.png,0,52,1,0,0.14300000000000002,0.14300000000000002,1
00006368_000.png,0,33,1,0,0.171,0.171,1
00006648_000.png,0,35,1,0,0.168,0.168,1
00006997_000.png,0,17,0,1,0.171,0.171,1
00007290_000.png,0,54,1,0,0.168,0.168,1
00007459_000.png,0,41,1,0,0.168,0.168,1
00007705_000.png,0,42,1,1,0.168,0.168,1
00007762_000.png,0,64,0,1,0.168,0.168,1
00008156_000.png,0,72,0,0,0.168,0.168,1
00008304_000.png,6,35,1,0,0.14300000000000002,0.14300000000000002,1
00008376_000.png,0,67,1,1,0.168,0.168,1
00008477_000.png,0,51,1,1,0.168,0.168,1
00008663_000.png,6,49,1,0,0.19431099999999998,0.19431099999999998,1
00008815_000.png,3,40,1,0,0.14300000000000002,0.14300000000000002,1
00009081_000.png,0,51,0,0,0.168,0.168,1
00009119_000.png,0,48,1,0,0.168,0.168,1
00009464_000.png,0,50,1,0,0.168,0.168,1
00009696_000.png,0,16,1,1,0.168,0.168,1
00009786_000.png,0,37,1,0,0.14300000000000002,0.14300000000000002,1
00009903_000.png,0,74,0,0,0.168,0.168,1
00009934_000.png,0,76,1,1,0.168,0.168,1
00010247_000.png,0,30,1,0,0.14300000000000002,0.14300000000000002,1
00010304_000.png,0,13,1,1,0.168,0.168,1
00010375_000.png,0,38,0,0,0.168,0.168,1
00010469_000.png,0,36,0,1,0.168,0.168,1
00010544_000.png,1,32,1,1,0.168,0.168,1
00010548_000.png,6,67,1,0,0.14300000000000002,0.14300000000000002,1
00010586_000.png,0,24,0,0,0.14300000000000002,0.14300000000000002,1
00010680_000.png,0,59,0,0,0.14300000000000002,0.14300000000000002,1
00010816_000.png,4,47,1,0,0.139,0.139,1
00010996_000.png,0,46,0,1,0.168,0.168,1
00011147_000.png,0,36,0,1,0.168,0.168,1
00011255_000.png,4,52,1,0,0.14300000000000002,0.14300000000000002,1
00011386_000.png,0,4,0,0,0.14300000000000002,0.14300000000000002,1
00011423_000.png,7,53,1,0,0.139,0.139,1
00011502_000.png,0,32,1,1,0.168,0.168,1
00011688_000.png,6,26,1,0,0.14300000000000002,0.14300000000000002,1
00011805_000.png,4,49,1,0,0.14300000000000002,0.14300000000000002,1
00011882_000.png,0,16,1,0,0.14300000000000002,0.14300000000000002,1
00012247_000.png,2,60,1,0,0.14300000000000002,0.14300000000000002,1
00012326_000.png,4,41,1,0,0.14300000000000002,0.14300000000000002,1
00012541_000.png,0,62,1,0,0.14300000000000002,0.14300000000000002,1
00012667_000.png,0,7,1,0,0.14300000000000002,0.14300000000000002,1
00012733_000.png,5,73,0,0,0.14300000000000002,0.14300000000000002,1
00013070_000.png,0,21,0,0,0.14300000000000002,0.14300000000000002,1
00013209_000.png,0,73,1,1,0.168,0.168,1
00013558_000.png,4,55,1,0,0.14300000000000002,0.14300000000000002,1
00013653_000.png,0,27,0,1,0.168,0.168,1
00013779_000.png,0,66,0,0,0.14300000000000002,0.14300000000000002,1
00013818_000.png,0,35,1,0,0.14300000000000002,0.14300000000000002,1
00013855_000.png,5,41,1,0,0.14300000000000002,0.14300000000000002,1
00013997_000.png,0,28,0,0,0.14300000000000002,0.14300000000000002,1
00014055_000.png,0,46,1,0,0.14300000000000002,0.14300000000000002,1
00014143_000.png,0,19,0,0,0.14300000000000002,0.14300000000000002,1
00014234_000.png,0,42,1,0,0.14300000000000002,0.14300000000000002,1
00014290_000.png,0,40,0,0,0.14300000000000002,0.14300000000000002,1
00014602_000.png,0,52,1,0,0.14300000000000002,0.14300000000000002,1
00014946_000.png,0,31,1,1,0.168,0.168,1
00015244_000.png,2,39,1,0,0.14300000000000002,0.14300000000000002,1
00015273_000.png,0,50,0,0,0.14300000000000002,0.14300000000000002,1
00015442_000.png,29,63,1,0,0.14300000000000002,0.14300000000000002,1
00015734_000.png,0,27,1,0,0.168,0.168,1
00015968_000.png,0,36,1,0,0.14300000000000002,0.14300000000000002,1
00016002_000.png,0,47,1,0,0.14300000000000002,0.14300000000000002,1
00016205_000.png,9,58,1,1,0.139,0.139,1
00016362_000.png,0,32,0,0,0.14300000000000002,0.14300000000000002,1
00016425_000.png,0,29,0,0,0.14300000000000002,0.14300000000000002,1
00016524_000.png,0,50,1,0,0.14300000000000002,0.14300000000000002,1
00016550_000.png,0,18,0,0,0.14300000000000002,0.14300000000000002,1
00016587_000.png,57,48,1,1,0.139,0.139,1
00016825_000.png,0,52,1,0,0.14300000000000002,0.14300000000000002,1
00016932_000.png,0,24,0,0,0.139,0.139,1
00016936_000.png,0,43,0,0,0.14300000000000002,0.14300000000000002,1
00016937_000.png,15,54,1,0,0.14300000000000002,0.14300000000000002,1
00017005_000.png,0,37,1,0,0.14300000000000002,0.14300000000000002,1
00017091_000.png,0,62,1,0,0.14300000000000002,0.14300000000000002,1
00017254_000.png,0,8,0,1,0.168,0.168,1
00017652_000.png,0,50,0,0,0.14300000000000002,0.14300000000000002,1
00017659_000.png,0,54,1,0,0.14300000000000002,0.14300000000000002,1
00018319_000.png,0,8,0,1,0.139,0.139,1
00018525_000.png,0,33,0,0,0.14300000000000002,0.14300000000000002,1
00018843_000.png,0,50,0,0,0.14300000000000002,0.14300000000000002,1
00018960_000.png,9,26,0,0,0.14300000000000002,0.14300000000000002,1
00019093_000.png,2,38,1,0,0.14300000000000002,0.14300000000000002,1
00019243_000.png,0,45,1,0,0.14300000000000002,0.14300000000000002,1
00019506_000.png,1,52,1,0,0.14300000000000002,0.14300000000000002,1
00019730_000.png,0,31,1,1,0.168,0.168,1
00019770_000.png,3,55,0,1,0.139,0.139,1
00019871_000.png,0,76,0,1,0.168,0.168,1
00019894_000.png,0,61,0,1,0.168,0.168,1
00020171_000.png,0,50,1,1,0.139,0.139,1
00020188_000.png,0,64,1,0,0.14300000000000002,0.14300000000000002,1
00020928_000.png,0,68,0,0,0.14300000000000002,0.14300000000000002,1
00021016_000.png,0,44,1,0,0.14300000000000002,0.14300000000000002,1
00021399_000.png,0,47,0,0,0.14300000000000002,0.14300000000000002,1
00021470_000.png,0,32,1,0,0.19431099999999998,0.19431099999999998,1
00021571_000.png,0,5,1,1,0.139,0.139,1
00021611_000.png,1,36,1,0,0.14300000000000002,0.14300000000000002,1
00021748_000.png,2,20,0,0,0.14300000000000002,0.14300000000000002,1
00021865_000.png,1,26,1,0,0.14300000000000002,0.14300000000000002,1
00022201_000.png,0,40,0,0,0.14300000000000002,0.14300000000000002,1
00022436_000.png,0,53,1,0,0.14300000000000002,0.14300000000000002,1
00022603_000.png,1,27,1,0,0.14300000000000002,0.14300000000000002,1
00022668_000.png,0,29,1,0,0.14300000000000002,0.14300000000000002,1
00022734_000.png,1,76,0,0,0.14300000000000002,0.14300000000000002,1
00022792_000.png,1,49,1,0,0.14300000000000002,0.14300000000000002,1
00022818_000.png,0,31,0,0,0.14300000000000002,0.14300000000000002,1
00022826_000.png,2,61,0,1,0.139,0.139,1
00023258_000.png,0,39,1,0,0.139,0.139,1
00023319_000.png,0,29,1,0,0.14300000000000002,0.14300000000000002,1
00024291_000.png,0,32,0,0,0.14300000000000002,0.14300000000000002,1
00024749_000.png,0,40,0,0,0.14300000000000002,0.14300000000000002,1
00025096_000.png,0,30,1,0,0.14300000000000002,0.14300000000000002,1
00025119_000.png,0,64,1,1,0.139,0.139,1
00025402_000.png,0,51,1,0,0.14300000000000002,0.14300000000000002,1
00025481_000.png,0,37,1,0,0.14300000000000002,0.14300000000000002,1
00025551_000.png,0,59,1,0,0.14300000000000002,0.14300000000000002,1
00025624_000.png,0,22,0,0,0.14300000000000002,0.14300000000000002,1
00025640_000.png,0,41,1,0,0.14300000000000002,0.14300000000000002,1
00025776_000.png,0,37,1,0,0.14300000000000002,0.14300000000000002,1
00026034_000.png,0,57,1,0,0.14300000000000002,0.14300000000000002,1
00026085_000.png,0,48,0,0,0.14300000000000002,0.14300000000000002,1
00026221_000.png,0,40,0,0,0.14300000000000002,0.14300000000000002,1
00026226_000.png,0,26,0,0,0.14300000000000002,0.14300000000000002,1
00026281_000.png,0,48,1,0,0.14300000000000002,0.14300000000000002,1
00026580_000.png,0,21,1,0,0.14300000000000002,0.14300000000000002,1
00026719_000.png,0,69,1,0,0.14300000000000002,0.14300000000000002,1
00026729_000.png,0,6,1,1,0.139,0.139,1
00026806_000.png,0,14,0,0,0.139,0.139,1
00026815_000.png,0,35,1,0,0.14300000000000002,0.14300000000000002,1
00026913_000.png,0,23,1,0,0.14300000000000002,0.14300000000000002,1
00026938_000.png,0,84,0,0,0.14300000000000002,0.14300000000000002,1
00027050_000.png,0,23,0,1,0.139,0.139,1
00027139_000.png,0,23,0,1,0.139,0.139,1
00027304_000.png,0,59,0,1,0.139,0.139,1
00027306_000.png,0,43,1,0,0.14300000000000002,0.14300000000000002,1
00027381_000.png,0,60,1,0,0.14300000000000002,0.14300000000000002,1
00027478_000.png,0,24,0,1,0.139,0.139,1
00027817_000.png,0,43,0,1,0.139,0.139,1
00027818_000.png,0,33,1,0,0.14300000000000002,0.14300000000000002,1
00027971_000.png,0,36,1,0,0.14300000000000002,0.14300000000000002,1
00028065_000.png,0,30,1,0,0.14300000000000002,0.14300000000000002,1
00028076_000.png,0,6,1,0,0.19431099999999998,0.19431099999999998,1
00028301_000.png,0,6,0,0,0.19431099999999998,0.19431099999999998,1
00028426_000.png,0,40,1,0,0.139,0.139,1
00028493_000.png,0,48,1,0,0.19431099999999998,0.19431099999999998,1
00028558_000.png,0,38,1,0,0.19431099999999998,0.19431099999999998,1
00028606_000.png,0,18,0,0,0.139,0.139,1
00028677_000.png,0,49,0,1,0.139,0.139,1
00028723_000.png,0,45,1,0,0.19431099999999998,0.19431099999999998,1
00028772_000.png,0,33,1,0,0.19431099999999998,0.19431099999999998,1
00029124_000.png,0,26,1,0,0.19431099999999998,0.19431099999999998,1
00029165_000.png,0,32,0,1,0.139,0.139,1
00029297_000.png,0,50,1,0,0.19431099999999998,0.19431099999999998,1
00029889_000.png,0,44,1,0,0.19431099999999998,0.19431099999999998,1
00029909_000.png,0,73,0,1,0.139,0.139,1
00030076_000.png,0,59,1,1,0.139,0.139,1
00030753_000.png,0,54,1,1,0.139,0.139,1
